5 1000 0.00000001 100000
7.8881 6.59157 9.30885 8.05012 1.28345 -1
6.26184 8.43814 8.55893 6.7662 3.23599 0
9.14817 2.09854 6.72655 5.6333 4.66445 0
7.59851 7.02237 3.95779 4.94364 5.89904 -1
6.17789 5.565 9.86568 8.46983 1.15393 -1
5.21628 7.382 1.23985 3.469 8.52609 0
9.08125 2.15012 6.50925 7.40656 7.93303 0
5.76797 6.69299 1.04569 2.789 3.54492 0
8.27852 5.00238 8.99934 9.15372 3.6929 -1
9.26097 7.0641 3.26268 7.63602 9.45636 1
7.82698 7.60914 8.92196 3.0469 2.83425 -1
4.08759 8.40696 9.34859 3.47559 7.23014 -1
4.76756 4.52502 4.19292 8.35466 1.9393 0
7.63399 3.64142 1.47519 6.03377 9.05012 1
3.81562 8.57178 8.31647 7.24692 5.04311 0
9.16586 5.20704 2.30532 9.74178 6.8879 0
8.45057 7.01508 8.6744 2.79216 9.72767 1
9.30487 6.04661 3.19654 4.76349 2.27798 1
4.86616 9.37419 9.70922 2.67865 5.25366 -1
8.33544 8.73818 1.73017 7.74539 4.76403 -1
4.82568 8.73162 1.02289 8.00488 8.73179 1
7.08776 9.26456 3.19396 3.21522 4.61462 -1
8.14876 6.67 2.93706 4.55262 4.13367 1
4.63528 9.31448 6.02234 3.25532 9.65413 -1
2.51102 1.18979 7.79506 6.47215 4.43185 -1
9.8584 9.6752 2.90409 1.76723 7.67119 0
3.41583 2.80465 7.12169 9.14162 4.93958 0
7.57932 5.56087 5.36993 2.56094 2.27472 -1
9.91582 1.28576 3.14221 2.50519 7.49174 1
5.50711 4.64176 2.68515 4.06264 1.70261 1
6.19702 5.83218 9.52883 4.15838 4.88942 0
4.25773 6.7195 7.40796 3.6144 4.18767 1
7.50607 1.48191 3.94901 4.4616 9.76243 -1
7.99592 3.59998 9.6068 8.94798 5.44824 -1
7.48984 1.66506 2.12818 3.4654 6.88058 1
6.49916 9.78542 7.96958 4.86633 7.64807 -1
4.79814 3.88011 7.59802 7.26259 6.63788 1
3.39204 9.08104 2.64946 9.36883 8.03195 0
3.83439 8.65998 8.04514 3.11332 3.68111 -1
3.16871 1.57607 7.03228 2.71041 2.80871 -1
5.26273 2.51989 7.36121 7.40744 7.59539 1
7.60204 3.81367 2.36919 1.55526 2.97315 0
9.88246 8.18288 4.06417 6.59101 3.37677 0
4.20269 6.11612 5.82789 8.18308 2.03106 -1
2.96392 4.04514 8.46723 2.36464 9.15651 1
6.47207 6.27759 7.31346 8.38421 6.56027 0
4.33191 1.18963 2.24002 6.30922 1.49036 -1
1.01754 9.56272 8.59258 1.98298 6.93902 0
3.65936 5.11775 3.88266 1.65207 4.81426 0
8.3016 8.2571 4.98377 2.80468 7.66645 0
3.2219 8.10338 4.17531 5.5939 8.06793 -1
6.74106 3.13309 4.79273 3.94935 3.29491 0
4.01937 3.91786 3.39507 6.0407 9.05063 0
5.71134 6.50462 6.84967 6.82368 2.7169 -1
3.60047 1.22502 1.80514 2.13733 2.5611 -1
6.89251 6.30817 8.22913 4.11631 2.37223 -1
3.60107 4.5655 4.07676 3.42862 5.66072 1
7.75556 7.31549 4.53775 4.6495 6.72974 1
6.90248 7.39332 5.20108 3.46689 6.22 0
9.52512 7.30425 2.08457 5.36959 1.39152 1
8.45099 3.81823 5.88272 4.82768 5.84588 0
4.76909 3.14735 5.51574 9.6973 8.61679 -1
4.73928 3.76478 8.15625 7.94054 5.77388 1
8.68585 2.32933 2.55891 1.61687 2.68402 0
5.68169 4.27234 2.23717 1.7963 7.61462 1
6.59842 9.12868 7.1468 2.30753 7.90401 1
5.53024 7.30735 7.19282 6.68829 7.09325 -1
2.46303 1.76597 5.14002 4.60647 1.15573 1
6.32161 3.28385 7.04799 3.57308 5.86267 0
6.75789 4.38299 4.52539 3.65347 1.45512 1
1.75772 9.58259 4.12617 2.49125 4.35768 -1
4.91205 6.48954 3.36032 6.90656 5.46949 -1
1.84301 6.86452 1.75092 1.11302 8.42652 -1
1.53204 6.76183 8.85703 2.49434 9.37958 -1
5.25188 2.16839 4.7484 4.52709 7.84158 0
4.5536 7.38946 3.8918 4.99879 4.58882 1
2.92048 9.85736 9.4161 4.40017 6.9306 -1
4.20636 2.94106 6.97674 7.13415 4.586 -1
1.70551 9.20989 2.20916 4.42712 2.43892 1
5.13302 4.64862 7.66958 1.34092 3.59994 -1
4.20927 8.05812 8.34838 8.40667 7.08987 1
4.20703 4.45989 4.5043 5.59687 1.87811 1
2.29878 4.49298 9.78493 2.53592 6.61304 0
8.55732 6.36358 5.02933 8.1635 9.92367 1
1.30544 1.88447 2.91966 6.87349 3.74718 1
1.68868 6.07969 1.92321 6.00971 6.869 1
1.67103 8.534 4.13466 5.41463 3.11036 -1
3.44268 5.22064 9.53379 4.92667 1.66774 0
5.96631 4.80617 6.2113 3.29609 1.96967 -1
9.33955 1.31556 2.50097 5.82263 6.9706 -1
8.62214 3.78276 9.13613 4.2323 9.89949 0
5.85638 7.95747 9.17441 2.08616 7.67854 0
1.14032 6.45252 1.07996 3.0671 5.88045 1
3.42456 3.24391 9.85987 7.45423 2.5298 0
1.23652 6.63272 1.86692 6.47627 2.52275 1
9.98932 1.09522 4.79298 2.03585 6.80988 1
7.79226 7.58585 8.2942 2.03433 5.21679 0
6.17484 6.45869 8.83346 5.73847 9.07166 1
4.83153 4.10905 2.2836 7.43544 5.68408 1
8.79797 2.24267 9.66038 6.91996 1.804 1
7.27804 8.65313 1.53084 3.61557 2.1785 -1
3.81622 5.21719 3.39948 3.36217 3.79877 1
4.10031 8.3458 8.70505 3.76069 9.64715 1
1.6654 7.20106 6.87693 8.56653 9.87655 1
9.80551 5.61135 8.6995 1.0222 4.17777 -1
3.44625 6.17242 9.24832 3.41582 5.84302 -1
8.28382 4.68413 8.63043 1.04243 2.56934 1
9.23553 8.7753 7.0878 9.64748 2.15909 0
7.07876 7.00514 4.44994 3.6997 3.88163 -1
4.46334 5.89334 1.02134 1.34343 7.30064 0
5.39986 1.95812 8.25709 2.44952 3.12388 0
4.02801 3.26641 3.0859 3.79212 3.4674 -1
6.71266 8.04338 7.999 4.92986 2.14577 -1
3.93521 2.33409 3.36011 2.59933 8.83825 -1
3.6406 5.39134 5.37733 2.03329 2.51198 0
2.71498 6.59319 6.43806 8.14053 1.50708 -1
2.99695 9.5906 3.50324 9.09472 6.28574 -1
7.60773 5.48971 3.17305 3.80517 7.76847 1
6.04674 7.35093 7.45256 7.89039 9.82104 1
4.47547 2.26696 6.22192 6.10256 1.77376 0
5.73641 3.70911 9.0895 8.79105 9.47233 1
8.38087 8.52412 1.38664 1.80993 6.36094 1
7.57137 5.51013 9.81682 1.24486 7.96175 -1
1.68274 2.55982 3.57818 8.61827 2.28041 1
2.31914 4.85593 8.63553 8.37892 6.65731 0
3.37186 1.37888 9.29772 6.61355 9.90344 0
9.94715 3.43236 3.254 9.97746 4.70273 1
2.61095 2.3861 4.53293 8.46802 1.23999 -1
4.59496 8.84253 2.40593 5.88501 8.60512 0
9.35698 6.24561 2.8868 1.11792 8.5826 0
4.99296 4.59637 4.29271 8.8789 8.1217 1
4.38037 8.31544 4.21354 8.53179 8.51999 1
5.90113 5.1967 6.97264 7.1754 9.81354 1
5.84535 9.09013 4.79441 3.87049 3.27796 0
4.00571 7.02319 5.17328 9.25616 4.06898 1
2.49222 6.3762 1.65992 2.11823 8.87945 0
6.35612 8.66263 6.41623 8.37223 6.21931 0
1.34498 9.97959 7.0764 1.01306 8.47676 -1
7.75985 7.98183 2.45642 4.69166 4.49067 0
1.07449 4.20936 4.12161 3.48701 3.45392 0
5.64662 9.60294 7.13282 8.75272 2.26436 0
9.17194 8.56998 5.82563 7.74253 9.24192 -1
3.33933 6.62839 8.69475 7.17768 6.41996 1
7.17868 6.64337 3.21138 1.73248 8.96811 -1
7.46305 1.42933 7.80695 4.81805 1.79208 -1
7.19465 2.00664 1.94257 8.25274 9.95357 1
8.58713 9.51727 2.18266 2.20393 9.62268 1
5.54088 2.25536 4.55975 4.39372 1.8007 1
8.22247 8.44813 4.0935 5.53739 5.84366 1
9.12634 4.51491 9.54925 4.39793 5.85022 1
9.63314 2.60502 3.30308 7.51291 9.90256 0
7.76645 3.19026 3.01423 5.23815 3.94122 1
1.9353 1.24301 8.05114 5.29738 6.59311 0
4.49962 5.62222 4.48933 7.58721 3.27203 -1
4.6476 6.3016 7.97222 5.05398 3.78411 -1
5.58784 2.74465 6.39224 2.6327 7.33801 -1
5.88041 6.3524 9.95229 8.33972 3.80849 0
5.83202 3.88937 3.75222 7.7666 6.28249 0
8.88564 5.79896 6.69773 4.27139 1.89156 -1
6.47836 4.81289 9.61544 9.87427 8.05963 -1
9.13421 8.16637 4.99102 8.57384 5.34485 1
3.82712 3.68699 8.90662 4.97389 2.71509 1
9.59644 7.49845 7.56998 3.63333 3.49165 -1
3.01866 6.6851 4.92668 9.35967 4.81389 -1
3.56328 5.78311 7.97273 8.50891 3.51352 -1
2.94817 2.89112 1.63346 9.78142 5.47994 0
2.53282 1.64471 2.02782 6.31483 2.31379 -1
3.2779 3.54734 4.24515 5.89722 2.01778 1
5.9409 9.55979 2.08426 6.41003 2.11046 1
4.80189 4.84344 9.40892 3.50587 9.71287 -1
3.09888 5.05516 5.02207 5.27388 8.19469 -1
5.05168 7.36528 1.82772 5.10509 5.28752 -1
1.75553 8.54506 2.22792 7.76474 7.81489 1
8.84156 8.66068 2.08919 7.28994 2.49216 0
6.38195 6.02487 1.66158 8.34993 7.12898 -1
6.02356 4.3857 6.30994 1.3389 5.28167 1
8.18899 8.81579 7.43856 9.74899 7.81134 0
2.53499 8.676 9.76345 7.02595 3.69088 1
4.64363 8.89337 5.78857 8.93154 4.07746 1
2.60179 4.55591 1.68943 1.66059 6.55059 0
7.0029 1.63856 2.11572 8.74943 9.70187 -1
3.39354 3.02369 3.49164 9.93523 3.74939 0
4.98918 4.71219 4.48601 7.78723 6.21953 0
1.1127 9.25319 6.2676 8.25632 3.89865 1
9.42299 2.41673 4.75226 7.56172 3.51594 0
7.49786 2.09135 6.47439 4.52935 6.20766 1
8.85151 1.69324 9.75244 9.08872 6.90932 0
5.4673 3.61471 7.78155 6.97447 4.03565 -1
4.3345 3.28122 2.06463 5.825 3.2082 0
3.6188 2.41344 7.8089 7.54736 9.22758 -1
9.82918 8.88631 1.13554 9.98261 1.9795 1
8.93344 9.67858 9.81734 3.36039 9.08445 -1
7.40923 3.61312 3.66893 1.00219 4.92177 0
4.63173 9.69448 7.75379 7.0707 7.80738 0
5.06804 4.67003 6.94178 4.94234 1.59946 1
5.26211 7.3342 8.08249 4.23549 6.62088 1
7.34116 1.58262 7.64662 6.19042 4.06471 1
6.57311 4.34632 6.69031 3.69961 3.77357 1
4.89839 5.08134 7.19039 8.66137 9.1219 -1
7.99234 2.38365 8.61135 3.97676 6.57927 -1
3.06306 5.38866 3.86798 5.81402 4.25422 -1
9.18745 2.12548 2.52413 1.45031 4.71662 0
4.18174 3.92064 7.97545 1.66548 7.73429 0
3.58763 8.75479 1.81361 2.79434 5.11002 -1
7.50622 4.98939 2.08205 7.07011 2.92482 0
3.75955 9.78633 6.83264 8.2985 4.94901 0
4.38024 6.35361 5.91244 8.93931 2.3682 -1
6.52821 8.85061 8.41086 9.41817 1.73277 1
3.10494 1.28781 8.2228 4.95123 7.90119 -1
5.86986 6.48615 5.05328 8.39821 6.7293 0
8.79723 3.61565 4.7472 4.23803 4.49565 1
1.05874 4.95455 8.45009 8.48468 8.19784 1
5.75609 9.61736 3.48297 2.86748 7.52489 -1
3.20625 2.50966 8.7578 4.78919 2.12032 -1
6.54941 5.51181 2.10069 9.02766 3.81294 -1
3.9505 6.44096 1.97774 5.41425 1.79014 1
9.38062 8.98107 6.29914 1.02843 9.18817 1
1.40908 5.43499 3.06084 2.67461 1.6326 -1
4.2512 2.21555 5.27202 2.56577 5.92844 -1
9.16806 8.47439 1.72343 4.70933 8.30608 -1
6.0241 8.13571 1.21327 2.64804 9.31282 1
2.959 2.50516 4.42701 5.93583 8.24989 0
6.18202 8.16384 2.30468 3.39809 5.73771 0
1.72384 2.2803 1.70583 1.42412 4.60417 0
4.93456 9.41519 2.27946 4.8965 8.25557 1
5.09346 8.77661 1.73157 2.67387 5.84356 1
8.69153 8.73942 7.81024 8.69304 3.12892 -1
7.19526 3.25107 5.74464 1.01972 7.93354 0
4.13852 1.20023 2.20425 2.34687 8.31437 -1
3.78012 6.59278 5.72366 4.48279 1.76464 0
7.00546 7.53302 2.35196 8.76168 2.36543 1
6.91046 1.93766 7.40138 7.23485 5.78859 0
2.14595 9.34856 1.8963 7.06947 3.54952 -1
1.01392 5.93006 1.86592 2.61491 3.22711 1
1.91396 2.16385 6.34375 3.9708 9.92789 1
7.81604 4.68041 5.41433 2.66782 2.76186 0
2.95542 1.55366 6.24897 8.04569 7.26595 0
6.01307 4.80388 9.24558 5.89462 8.3418 0
3.46326 3.4938 4.1201 9.84827 9.96357 0
5.88501 2.98884 3.36546 3.40977 3.6105 0
3.47235 8.45124 8.47454 8.78976 7.82936 0
8.66014 4.60365 6.45113 8.47511 6.42323 0
9.02841 2.26294 6.84098 7.08979 9.38872 0
4.58864 9.77639 6.08527 7.78097 7.47491 1
7.96331 9.16645 1.15599 8.80701 5.20822 1
4.21316 9.47352 6.32818 8.39562 6.57184 -1
2.58119 4.24469 3.67637 7.05618 7.68201 1
7.37456 4.82317 6.59702 2.16721 6.18884 1
1.04896 5.55737 6.05548 8.08416 4.66878 0
6.39844 3.74001 2.56731 9.0762 5.41288 0
2.94208 5.15978 5.92605 4.88646 3.11832 1
9.63007 2.91865 7.7739 2.22976 8.97475 0
8.2466 6.48923 9.37661 7.29313 3.87052 1
8.91911 7.15671 5.46724 7.47959 1.27552 1
2.69472 6.72478 5.39741 8.17483 2.78881 0
2.98565 6.91116 9.08895 7.57378 3.84732 -1
3.90203 9.38021 1.55488 5.7708 9.14843 0
2.82532 4.03431 6.27276 1.82342 4.98317 1
5.96467 7.41123 6.69759 3.10302 5.124 1
6.29632 2.50828 9.64588 9.22847 7.17118 0
8.54261 9.75518 5.30073 6.78272 1.60664 -1
3.2791 3.24247 3.03946 3.98402 8.04176 0
3.66105 2.19636 2.9626 1.41954 9.52899 1
1.02509 8.48183 2.35751 4.8278 9.05396 -1
4.90054 8.98353 2.70311 1.92499 7.37018 0
9.35758 7.99858 6.33167 2.41135 1.67569 1
7.82299 9.43547 3.28808 7.55551 5.34958 1
6.55265 5.98162 4.62638 6.62658 1.97674 0
5.70755 5.98567 7.80183 9.79873 9.08622 0
7.41201 8.823 6.59954 5.80061 6.96874 0
6.26746 2.75521 7.03738 1.99788 5.05464 1
1.62417 5.52281 3.23911 6.23797 7.96176 -1
1.86773 4.56094 7.80739 7.42638 5.86289 0
2.86912 7.29921 3.43091 1.48433 6.49269 1
1.73925 5.70955 3.16653 4.65839 5.40781 -1
9.18218 7.39837 2.18538 3.08504 6.27022 1
8.92277 9.30545 7.74359 3.23769 9.37746 1
6.92671 2.65313 1.26301 3.31765 1.53641 0
5.55114 1.66004 3.15721 2.79227 6.45712 0
4.70618 6.25029 2.5556 5.71156 6.08949 -1
1.42977 9.67648 7.26358 3.36636 3.74776 1
3.56607 1.46928 2.618 9.97755 8.72346 -1
6.92323 5.61392 7.48512 9.20673 7.81333 1
5.52728 7.11764 3.77409 4.51656 9.23725 1
5.59298 1.07762 4.1732 7.94645 5.1919 0
7.26375 9.16535 9.52198 6.31749 8.31043 1
6.75085 5.16393 9.46971 4.82095 4.40116 1
5.39128 2.62181 7.1019 9.39308 9.64225 -1
2.21919 4.35543 1.95105 4.95141 1.48908 -1
8.97823 5.34606 1.29015 5.05763 1.08258 0
3.11037 8.38304 1.97776 7.96253 3.75759 0
1.53483 1.29818 7.21704 2.90284 2.48654 0
8.00319 6.41487 7.56919 3.84626 3.01338 0
6.09414 5.73094 8.1108 2.73138 1.23997 1
6.4666 9.66218 4.21855 2.18594 8.4544 -1
6.96856 2.48514 9.62934 9.91005 1.94841 -1
9.27404 2.82094 9.54355 4.93778 4.89283 -1
6.42806 3.30557 3.35903 9.54992 5.80085 1
8.29026 1.10934 3.56345 9.04467 6.36936 -1
5.19854 3.96743 5.10942 8.59218 7.28205 1
3.15688 7.8259 1.82103 8.88637 3.1804 1
6.69589 8.48224 3.17693 1.85994 4.01547 1
4.58937 5.74655 6.42148 1.05713 3.2577 -1
2.84065 3.36378 6.40262 7.67279 6.61363 -1
7.09097 9.96566 9.54316 4.39721 5.16296 -1
1.85297 2.32695 5.04929 3.44542 7.0751 -1
1.19349 7.12817 3.29802 6.75044 2.15059 0
4.24828 2.4349 4.03021 4.67791 7.21289 1
6.14288 9.37671 4.19729 9.0921 5.99633 0
1.07764 5.76292 2.80005 1.63734 2.35237 1
4.40623 5.40836 1.81761 6.31096 1.47805 0
7.53953 3.87952 2.04565 8.50116 9.4956 -1
3.36599 5.66466 5.11664 5.90897 6.89572 1
2.40998 9.28749 3.96794 7.32001 7.98378 -1
5.36808 1.25817 5.47684 2.20476 5.38653 -1
3.45185 6.07536 4.30357 1.05299 7.06758 0
6.677 4.11849 8.43465 6.38558 7.4812 0
1.73616 5.27764 3.24137 6.54627 7.40425 1
1.55197 4.97142 1.67568 8.91618 1.42109 0
5.89983 3.77249 1.02356 8.63057 8.59121 1
3.15078 9.81025 2.92612 7.72376 3.66473 -1
1.65845 2.85471 1.96383 7.81619 1.22603 0
7.13485 4.17912 7.15494 3.81033 8.53471 0
9.81267 9.01761 8.45447 9.72412 9.35455 1
8.40384 1.86694 9.54566 7.56487 9.62423 -1
2.90275 6.19097 8.95758 5.1582 1.2439 1
3.15821 8.36247 7.08055 8.56886 1.78947 0
2.42371 7.39883 2.74388 7.46748 7.23403 0
4.35652 6.47661 6.9983 3.24082 2.70632 1
4.99879 5.96506 2.25268 2.34635 6.22637 -1
6.45814 4.39539 4.82762 7.64641 4.88737 -1
8.95888 7.6864 7.13712 9.64215 7.61164 0
8.25546 3.58959 2.18009 1.54341 3.53911 1
7.76261 7.00635 2.20108 2.92298 3.71204 -1
4.01793 1.70409 2.41851 6.70548 2.24565 1
8.04714 7.678 7.70577 5.57112 3.85794 0
1.18678 2.11397 7.50018 4.70484 9.96185 1
4.62903 5.60981 4.35077 2.00704 6.32536 0
4.57208 6.69262 4.18641 5.7671 4.15821 0
5.20896 8.55662 1.87327 6.22519 9.03602 1
4.21256 2.69825 8.37022 3.07211 9.14016 0
6.9733 7.99731 5.10506 8.77131 7.35534 1
6.85282 5.67365 7.93949 4.27751 2.56438 -1
6.64367 1.53224 2.49043 6.3795 3.23347 0
9.36573 5.94048 8.10452 2.6201 1.16465 -1
7.12758 4.92269 9.12954 8.52236 2.54333 0
6.74264 2.61831 1.51718 5.79841 5.63702 0
9.00906 2.03177 2.89098 4.98395 1.07863 0
5.86897 9.20619 5.58822 6.68359 3.85309 0
9.03851 3.73754 2.45687 2.64022 7.3777 -1
9.97066 9.12585 3.94627 8.96257 7.37814 0
4.11858 9.43184 1.19918 6.99209 9.12622 1
7.90905 3.77235 8.09689 2.04486 6.18734 0
3.32417 2.13444 8.39868 1.95518 7.10879 0
7.6031 9.78876 1.20114 3.30576 7.21629 -1
1.73557 4.83638 6.19673 6.88928 9.16271 -1
3.75224 1.99257 3.04031 7.59823 8.19413 1
1.90208 4.30408 2.46951 2.4652 3.29711 -1
7.99715 9.88362 5.00757 1.47819 4.49286 1
4.14466 4.38716 1.56047 6.42644 4.97399 -1
4.11557 8.68764 4.20125 1.26144 2.33883 0
2.89049 7.52256 1.48128 9.09479 3.50149 -1
6.82653 5.53305 6.44023 4.75285 9.3743 0
3.37808 7.72221 4.51894 5.75984 9.61307 1
1.80544 7.57883 9.80492 7.53772 4.53162 1
3.18839 6.67486 4.14306 7.96722 6.76944 0
3.36631 2.96962 8.95419 8.33496 3.74259 1
7.39533 3.58009 7.20054 4.25704 7.17139 0
2.86587 6.77299 5.80644 2.22176 4.7291 1
4.09043 9.41052 8.38501 9.51537 3.85072 1
9.494 8.89178 8.47299 6.56904 7.12619 0
9.54364 6.77199 9.86313 3.66603 4.53183 0
3.09728 5.21092 9.42056 4.65959 1.12484 0
4.92108 2.47491 8.13703 8.14818 7.29286 1
6.71376 7.16162 4.34872 9.18636 6.04783 -1
3.52154 8.80741 9.15299 7.71988 2.09225 1
9.17322 4.31168 4.00823 8.0592 9.28515 -1
3.33354 4.38544 9.34389 3.34396 3.72565 1
5.13676 2.04973 1.67092 3.05054 3.77556 1
6.73552 8.9533 8.99845 5.50058 3.1807 -1
5.97188 7.15369 3.75997 5.61459 4.21576 0
5.15505 5.19338 1.82934 6.98853 9.29957 0
2.08953 2.11918 7.02862 1.61719 5.95127 1
6.96549 1.63024 1.58713 8.12502 2.93848 0
2.10801 6.02394 2.75099 8.83948 9.18227 0
7.22535 1.27994 7.6211 6.15106 7.19042 0
6.78686 7.07524 9.79436 9.19073 2.48965 0
8.04041 6.81683 2.16631 7.65415 6.02128 -1
2.52791 9.21639 5.45082 3.49327 6.22201 -1
1.32328 6.71682 8.00582 4.50775 3.22735 1
6.1516 3.05748 3.22385 6.18314 3.96825 0
9.85052 2.78025 8.47881 1.87572 7.86328 0
8.67972 9.66505 1.92717 2.57156 9.40981 1
6.43587 7.35657 4.43011 9.54444 2.78972 1
3.5733 7.12363 4.96737 2.32087 6.13883 1
6.42412 8.94512 3.9564 3.04691 6.67577 -1
2.21719 3.44943 4.34117 5.02357 3.49464 -1
8.42397 2.32133 8.1321 7.01464 7.16924 -1
1.68849 7.87039 2.85363 3.14514 6.06828 -1
4.26416 1.70062 4.28111 9.3753 4.54128 0
4.56769 3.16676 4.1451 2.08439 4.78543 -1
4.05971 1.28171 9.32352 2.40364 3.2564 0
5.28431 5.71458 3.23654 8.17034 2.87618 0
3.99876 3.22762 2.26516 8.92485 5.52408 0
7.12334 4.12327 2.19402 3.64572 4.53231 -1
6.87889 5.03274 3.84339 7.02518 8.63402 -1
1.51481 3.18993 9.83056 9.52733 3.80288 0
7.77941 4.45848 9.46472 7.69536 6.43701 1
6.46362 3.12678 5.93264 3.79875 9.57143 1
3.06583 8.48334 9.88169 6.0122 1.93941 1
6.2518 2.3945 3.98878 4.10928 4.7465 0
1.12705 1.15068 8.52931 2.47774 6.54362 0
1.30491 7.37166 2.9933 7.09753 7.94634 1
7.94442 1.70429 3.34567 6.48426 2.11665 1
2.64301 1.96788 5.5884 4.50281 1.49257 1
9.84152 9.63398 8.64184 4.77693 4.57138 0
9.88127 5.46593 3.93032 5.15221 6.42471 -1
1.63596 2.65728 3.67894 4.1728 7.84045 0
1.89426 3.90626 7.54433 3.56844 3.19048 0
8.17656 8.20623 6.85685 4.70332 7.72461 -1
6.43273 1.14436 9.92615 9.6556 9.66968 1
5.39328 7.92884 3.98949 7.313 6.77253 -1
9.03305 8.71256 2.93098 1.35036 6.45307 -1
6.25326 5.52845 6.8221 3.22532 2.96425 0
4.06284 8.32892 8.62055 2.40608 7.3377 -1
4.15402 4.85606 9.58636 1.85986 7.35817 1
6.44553 9.42857 3.46023 3.59663 2.38919 0
7.52668 1.4142 1.57009 3.23759 4.32845 0
4.5397 5.34356 9.67559 3.27906 4.52323 1
8.30298 6.52873 4.64138 8.40113 4.01653 -1
8.16646 2.15015 6.19729 7.48462 1.91812 -1
1.8857 1.88796 3.79186 4.92181 2.14788 1
2.01516 7.81979 1.37577 2.28659 8.78041 0
9.83341 4.46879 7.95181 4.29908 5.96587 1
5.01326 2.54707 2.6454 8.59735 3.98161 -1
7.56539 2.58559 6.94447 4.10258 1.67605 0
5.61261 6.03071 7.41703 1.71915 8.09443 0
3.02971 3.872 8.32043 1.05796 4.88414 1
4.00921 1.20088 5.16006 5.13591 6.04226 1
3.83343 5.17585 4.70136 4.88299 7.66868 -1
8.71704 4.6516 8.483 8.50523 7.49505 0
2.59937 4.74902 5.3669 6.19731 7.89798 0
1.0509 7.30337 9.57375 5.56631 7.19799 -1
7.51284 5.5653 7.37403 1.10056 9.31543 1
5.00902 3.88624 7.92361 5.48216 4.11777 -1
7.10156 6.14738 9.48405 8.81864 5.7395 0
9.5272 5.85169 3.83236 8.47767 9.88736 0
5.49171 4.67448 5.18666 5.36197 8.52713 -1
8.18594 4.87537 7.48883 4.44823 1.17386 0
3.70567 7.29618 1.40643 9.84664 3.83879 1
8.87298 6.71185 5.16468 9.21963 1.99695 1
9.27309 9.82513 8.33483 6.1586 2.50424 0
9.84379 9.97493 1.36917 4.85805 1.63966 0
2.9886 9.47427 5.34207 2.01919 6.28779 0
3.63858 6.48218 8.56733 9.42232 7.35712 0
4.56124 7.04058 9.94017 9.37207 1.50549 -1
3.06953 5.41146 9.11446 9.07114 7.91179 -1
4.53875 4.01366 5.32616 4.74684 1.72226 -1
6.62595 4.84144 2.50299 5.21436 1.66518 0
9.40782 4.04035 3.79449 9.04206 8.26947 1
8.89526 2.0632 4.63842 7.50607 7.55612 1
7.01727 2.27502 1.664 4.38588 4.54625 0
9.45701 4.76878 6.6328 3.32624 5.28013 1
1.06755 7.50154 8.48635 5.23002 2.52653 1
2.08403 4.54015 8.62371 9.50371 9.35235 1
9.78985 2.41839 9.277 5.93869 3.67498 1
6.18943 4.33327 8.97745 7.10583 6.28626 0
1.4814 7.1501 5.53335 6.93511 5.42078 -1
9.17025 7.91294 6.54506 8.13111 8.86861 0
8.34936 5.10715 3.55433 5.42491 2.15179 0
1.89942 5.93013 1.93632 3.69168 6.66477 -1
6.91918 4.68629 7.74449 8.89247 2.33565 0
2.17683 4.11344 2.20657 8.22762 6.78515 0
1.51236 4.31773 7.8626 3.11139 2.20617 1
4.10233 7.83582 3.59115 6.56437 3.54887 -1
9.97797 4.81664 2.37005 3.64388 4.09295 1
6.26932 2.67442 9.83248 1.54652 5.73307 0
9.91892 3.74112 2.19519 6.07614 5.72397 1
4.82345 2.45961 6.02369 1.66624 4.37694 -1
4.82141 8.64885 2.73279 2.13424 9.53949 1
1.02998 3.99427 3.9842 4.15754 4.20413 1
8.23471 6.93841 6.89078 4.75798 6.95833 -1
2.13903 8.31569 2.77963 7.08091 8.94532 -1
8.5087 6.54554 4.8302 4.58707 9.1072 -1
5.81546 2.71492 3.93926 5.06748 2.98218 0
1.1159 4.08278 4.28816 4.67227 3.93147 0
6.28864 1.68576 5.49647 3.85735 9.38835 0
1.97443 5.96536 4.45222 3.17406 5.60732 -1
2.48793 4.87484 8.79119 2.4263 6.82145 -1
6.06425 6.47227 6.54502 8.33063 7.08304 0
1.77485 1.63461 9.41648 9.83155 1.04963 -1
6.63819 7.01036 5.08578 7.58281 8.73098 0
8.94209 7.234 9.21812 6.07532 9.09169 1
9.2323 7.01988 4.13926 6.1935 6.92981 0
1.4449 4.61448 3.70408 7.38611 2.32035 1
3.80925 9.11631 1.8548 6.63388 9.1922 0
4.97221 1.87806 4.03273 3.20046 3.14513 -1
4.53471 2.88817 9.75595 3.05424 6.90173 -1
7.77102 7.40337 5.25278 9.10193 7.01836 0
9.43184 2.7814 7.996 3.26434 1.53151 0
7.61016 8.60678 6.8708 9.17976 4.08868 1
2.75597 6.06509 8.74717 8.51007 9.72727 0
7.68196 4.97027 7.36527 3.23756 5.39529 1
6.90081 3.15969 5.12926 1.66625 9.34177 1
1.0672 6.32208 9.29244 8.36728 9.33319 -1
7.26615 7.03511 3.3223 3.91276 5.63867 1
7.04702 9.76617 1.51615 5.56817 2.66395 0
9.16078 5.8132 8.34351 5.31433 2.66304 1
6.49255 2.95106 7.65441 4.66273 6.67178 0
3.94943 4.67878 6.36357 7.46789 1.77068 0
1.75076 6.80367 1.65338 5.60266 4.35488 -1
4.77886 8.89278 7.37394 5.26545 1.72792 0
4.78489 4.51523 9.12462 9.47544 8.98015 0
4.6966 7.14097 9.20372 1.9171 2.97303 -1
8.13413 7.86654 8.39667 3.01564 3.50141 -1
8.48575 6.94198 4.88361 5.0153 4.31721 0
9.32181 5.65158 8.66407 9.41364 7.59659 0
5.94151 4.84649 7.07557 2.65048 6.10119 -1
8.01471 6.0537 3.72278 6.55828 2.1073 0
7.7016 3.14749 9.42404 7.19212 4.15782 0
8.17958 5.6115 1.73027 3.9864 8.29959 1
6.32223 7.16568 2.32176 3.9337 5.11735 0
2.43693 9.95917 8.86969 8.84382 8.96676 0
4.47264 5.19479 9.66509 8.11303 1.09474 -1
4.30995 7.57777 2.95724 3.82248 4.81494 -1
1.33275 3.51574 7.57809 5.11238 8.03928 -1
6.54109 3.27238 7.83327 1.45286 9.99326 -1
7.26519 5.22905 4.28721 6.02594 1.30994 1
5.61162 5.79273 7.51788 4.97693 8.7945 0
2.96874 9.16161 8.95822 8.09796 3.58703 -1
5.64444 6.73622 9.16324 7.52692 5.80707 1
5.95538 8.08325 5.47323 9.39906 4.64528 1
2.9528 9.93335 4.45552 1.44731 8.24584 0
2.96016 8.17803 9.19185 5.66414 6.34411 -1
2.66877 9.19878 5.67638 4.25032 9.80654 -1
3.69299 2.10647 6.94583 6.19538 9.686 -1
2.5455 7.17901 5.41622 2.06544 3.18316 -1
3.02625 6.24208 8.36964 7.42985 4.87182 0
4.84433 9.5305 5.84323 1.73786 2.00334 1
6.05381 3.43033 8.04487 2.39868 2.42407 0
9.63575 2.98546 8.6603 5.22126 5.42862 1
8.23562 6.83188 5.97076 7.99719 3.87553 1
8.90413 5.40422 8.2966 5.84158 4.18741 0
8.20336 2.42259 9.18002 6.92536 7.43364 -1
7.48961 8.43394 7.75997 3.43282 5.59111 0
8.92745 9.96815 3.70268 4.71239 6.36606 -1
8.65661 1.15575 8.85906 9.4195 5.07198 1
6.00983 1.90568 2.34743 6.35718 4.21828 -1
4.12702 2.55844 1.67593 6.72957 1.76723 1
5.21415 6.10864 3.5427 7.84302 1.51041 -1
2.4427 4.23894 8.06113 7.70875 7.58377 1
7.52792 8.08473 2.04034 7.60681 6.2809 0
9.23846 2.51538 9.35789 5.33745 2.73022 0
8.11281 2.67808 2.57233 2.05348 9.94477 1
6.73867 8.96737 2.73012 7.36354 3.0118 1
3.78746 2.36468 2.85361 5.59882 2.21318 0
1.54728 6.4432 2.37218 6.04714 8.59023 -1
5.83702 3.17995 1.57032 7.81356 8.34126 -1
6.16783 2.85708 1.22004 3.26731 7.35764 1
2.77273 7.90614 6.11018 6.71299 2.3642 0
3.83643 7.43828 4.14254 8.05843 2.70792 -1
5.46868 2.97277 6.51159 1.33661 1.55017 1
5.13894 6.23108 3.09157 2.47283 9.53065 1
4.84316 3.55997 4.41452 5.41356 2.83044 -1
8.89075 7.56147 4.69578 9.57262 1.95372 -1
1.90291 3.20785 8.71053 9.45034 5.00456 -1
8.93236 8.9451 1.33724 4.90425 6.99307 -1
1.09804 7.44455 9.61141 3.9988 7.9495 -1
8.80692 7.43947 4.66383 4.49663 2.26442 -1
4.64787 3.7579 4.91385 6.51117 6.93666 0
8.97006 2.32466 8.4799 9.1447 9.45272 -1
8.89721 5.32415 2.74198 1.05668 6.35306 1
4.87694 1.40992 2.85724 1.61898 6.51277 0
5.76957 3.6579 8.26725 8.4223 4.00612 -1
2.48379 8.31028 3.03572 9.41394 1.8964 1
2.15754 5.19241 9.85175 3.0972 9.641 -1
3.36092 2.36955 2.12504 8.47128 2.86176 0
1.9873 4.89975 4.46032 6.32316 1.49143 0
7.97966 1.24093 7.16724 9.04719 4.3628 -1
4.38927 8.14521 6.11597 7.61106 2.9396 -1
2.65436 7.32031 4.72621 1.05343 1.29993 1
2.44817 6.31938 6.27698 4.71486 2.58376 0
2.65713 8.02222 8.92303 9.51093 2.40016 0
7.72516 5.82619 4.01075 5.64152 1.41875 0
2.74313 5.2303 6.06906 4.21878 3.52485 1
4.85353 6.24216 3.36204 9.1414 8.5911 -1
2.5493 5.6395 7.74204 5.03076 2.54387 1
8.92386 1.53032 3.89532 7.25825 5.10093 0
5.96677 5.75443 9.35117 9.75542 8.0217 -1
9.58796 4.02506 4.87044 1.15901 8.26666 0
9.79736 2.39524 5.72768 9.13643 3.96898 -1
9.56839 6.69025 2.41017 1.02838 5.84461 -1
3.03067 5.08354 1.08876 2.37848 5.5935 0
3.79112 2.84399 9.42308 8.96813 5.93488 -1
5.41337 9.32504 8.72173 4.10186 8.4939 -1
7.42437 9.24506 8.34602 2.30925 2.14587 1
7.03779 7.33753 7.99596 9.30693 7.82088 0
5.22454 3.99923 3.32888 7.98119 4.02942 1
5.50607 8.495 5.29289 1.5396 8.05773 -1
7.11323 7.75652 4.28595 7.5709 5.31955 1
5.8676 6.76616 1.15865 7.69568 8.30028 0
9.36399 5.60421 3.00985 5.85929 8.26425 0
8.3142 1.26605 9.15153 1.06205 2.40159 1
4.525 2.00175 7.43146 6.5538 6.95483 0
6.20563 9.43319 8.46951 7.5091 9.9923 1
2.31132 7.54004 8.63842 7.99848 8.1268 1
7.60894 9.54784 3.47578 6.76975 2.29788 -1
1.80912 5.26486 4.65197 9.61709 4.53595 -1
9.85487 7.88177 8.32403 3.05179 7.95369 -1
6.81234 9.05097 8.0064 5.53825 2.38859 1
3.08731 5.78828 6.04727 6.30507 9.94135 1
6.2747 7.23816 1.35829 5.71037 9.08803 1
5.13518 7.88398 6.80592 4.20451 4.92308 1
5.53389 1.20506 2.46816 7.86602 8.54533 1
3.08471 4.15906 6.20637 7.45166 9.87178 -1
6.01811 5.22815 3.28205 1.95114 7.84603 0
3.12182 2.65408 3.49882 4.0203 2.36778 1
2.47848 4.03764 9.55275 9.96036 7.2395 -1
1.69948 4.62501 5.55571 8.5264 6.9637 0
2.08691 8.07588 8.84718 7.86292 9.81116 1
7.70645 3.58003 3.39807 3.17308 3.8854 1
4.46679 4.40128 9.32501 6.20217 7.26559 -1
8.56154 7.54766 6.00344 6.52377 4.8438 -1
8.75343 4.36782 6.27799 1.29443 4.3976 -1
1.99266 8.95586 4.33097 7.85916 2.70565 0
8.77135 4.65059 5.44673 5.76731 7.20493 1
4.63378 2.84417 4.59117 6.43817 5.14048 0
6.39621 2.26708 1.18233 2.50699 7.8789 -1
2.20074 6.04171 5.65816 6.89058 6.65857 0
9.73869 5.66596 7.20079 8.71039 8.60186 0
2.24475 7.21609 7.50367 5.86237 8.27533 -1
2.13587 1.22103 6.23817 6.45535 1.55629 1
4.2759 6.97759 3.2992 1.15338 4.52698 -1
7.97703 4.88723 5.68792 7.2741 3.26171 -1
5.72056 6.89176 9.5692 9.86425 1.08026 1
9.04973 4.55685 9.10319 1.70418 8.07418 -1
8.17116 2.40772 3.8004 1.30238 8.68543 1
4.12539 9.65474 7.7571 9.64845 5.68713 1
6.81678 9.01873 7.31344 1.09495 2.56829 0
8.48199 2.73607 9.96645 7.58483 6.74808 -1
8.8085 4.48885 2.84786 6.66674 2.8403 -1
3.25388 6.16255 4.65385 8.6725 3.66307 -1
5.90985 6.78079 6.10952 4.58856 6.16909 0
4.43523 6.58199 6.73295 8.44553 6.28665 1
1.1944 5.99094 1.04545 3.01566 7.63726 1
2.17916 5.43638 1.68468 4.58111 8.77493 -1
2.61824 8.28144 2.63774 7.65086 3.13916 0
3.77951 3.84935 4.9133 5.46004 1.14307 -1
8.45037 5.32947 2.84052 7.95241 5.12309 1
2.44051 1.287 4.15828 2.08395 9.88092 0
6.40232 4.86689 3.50754 3.6824 8.09047 0
3.98207 4.85398 1.07723 9.34727 9.67012 -1
6.2729 3.17694 5.39156 8.74536 1.72575 1
7.61784 3.59379 1.30879 4.6743 6.27916 0
4.89312 2.17546 2.55036 2.82584 1.36271 1
7.33685 9.25926 3.72461 8.38102 6.60161 -1
4.75705 5.13076 2.71584 5.97672 7.30924 0
7.86368 6.27116 7.0042 3.91679 4.17321 -1
3.78062 2.06697 7.72158 5.94495 5.48408 0
7.58221 1.67022 2.03993 3.33694 7.58535 -1
3.08926 4.11178 2.60843 7.82576 2.22639 0
4.19564 8.35748 7.84518 9.98607 1.04493 -1
5.60045 6.43432 2.40641 7.98848 8.27795 1
6.84148 3.28224 4.85537 8.8602 1.31438 -1
4.93802 2.48437 4.98916 9.5598 7.38677 -1
6.03147 2.53061 5.29506 5.80403 6.00849 0
9.50603 2.44929 1.73159 8.16921 9.03137 1
4.68656 1.20558 8.04278 2.88303 5.85321 1
6.81571 4.62352 7.06578 1.66786 5.13374 1
4.60516 5.71108 7.65028 1.24028 4.72266 1
5.08889 4.72336 7.67663 2.36094 4.24051 -1
6.48887 4.09295 3.48875 3.82082 9.25143 -1
9.61903 9.30931 6.44684 9.9778 1.29543 0
3.3096 3.55889 2.48126 8.67151 9.35229 0
2.81114 3.02093 2.41872 2.72017 9.53654 -1
5.65093 6.30017 9.11473 7.68167 6.51157 -1
2.51185 5.86866 2.78867 1.67016 7.57053 0
2.71438 8.499 4.06788 9.55659 2.80176 1
4.28027 6.33138 2.36537 9.28672 6.85638 0
4.50467 7.60198 1.23454 1.20285 9.37764 0
6.88826 8.19031 2.3828 9.94018 3.81069 1
1.67028 1.15056 9.70033 1.66467 9.82789 0
9.11282 5.33691 1.88876 8.46419 7.82022 1
1.83805 8.30733 3.69623 6.98531 2.70988 0
7.99758 4.16361 7.39488 1.00857 4.27197 1
8.19173 4.37906 5.52557 9.79353 4.82112 1
9.3767 8.04723 6.70184 3.08209 8.00958 0
2.43909 8.29434 6.4334 3.83365 1.63473 -1
8.05228 4.22383 9.71348 9.94846 1.43589 0
6.58348 5.53192 1.60853 5.15542 2.08434 0
8.95629 4.1574 3.78185 4.02755 4.33283 0
7.65468 5.9344 1.11694 6.70059 3.03028 -1
5.14421 4.25748 1.7752 2.83293 1.54706 -1
8.8755 8.16799 5.59086 5.98236 3.13654 0
9.89094 7.28667 8.07366 4.69495 4.10645 -1
4.19007 6.41415 1.85868 3.32645 9.73691 1
7.85956 8.73822 9.07291 6.4794 8.8673 -1
5.66631 3.32096 9.49217 4.71456 7.13173 1
4.8211 6.137 3.76984 1.95136 4.30869 0
8.91335 4.91386 5.63149 4.63503 5.20689 0
8.95667 3.46871 3.63238 7.90699 7.369 0
2.42973 6.47836 9.80344 7.03605 7.57397 -1
6.58682 6.06593 8.90006 2.2955 3.90621 -1
6.44918 7.10452 1.91824 4.3499 4.43411 1
1.66964 6.25046 6.4505 8.92118 7.14094 -1
4.90083 8.93062 1.14373 2.13897 4.5473 1
2.08018 7.67933 5.63995 6.63495 5.60862 0
2.42496 9.44129 3.2055 9.45097 7.05725 1
5.28379 7.20997 9.16262 8.69766 7.68064 1
7.20071 3.63461 3.14974 2.81275 8.52601 0
8.29561 8.63928 4.62321 2.15444 9.9278 1
9.9959 1.42373 5.2317 9.88172 3.54917 0
7.2602 1.36784 1.6489 8.69265 2.10219 -1
9.3485 7.58111 8.56129 9.43626 1.05611 -1
7.66125 1.15397 5.47571 1.11164 5.01495 -1
3.11994 6.43484 5.59361 8.54678 9.90054 -1
8.17265 5.11501 6.71156 2.89919 9.76853 1
6.73375 9.30097 3.49682 8.23228 9.59715 1
7.73866 4.48425 3.62609 4.70541 4.57114 0
2.48255 8.19783 6.05691 4.50481 3.44704 0
6.68718 6.51956 8.94261 9.05424 9.82002 1
1.97128 5.57096 9.91599 2.99999 6.49708 -1
5.37243 3.19803 7.17174 9.8333 2.70792 0
3.73661 1.51575 6.18094 6.29992 4.26924 1
3.85643 8.22807 1.27705 1.33379 6.79716 -1
8.8415 7.42156 3.91883 4.68314 9.57721 -1
6.02744 3.47257 5.62543 3.38886 4.83205 -1
7.75546 2.98131 9.6838 6.3491 3.05852 -1
6.20513 2.87707 2.38173 5.09922 6.28701 -1
9.08717 8.10215 3.55319 3.05955 9.96583 1
6.19904 1.10227 7.21551 2.74359 7.68172 0
7.42366 4.29979 9.2189 8.30245 9.39095 0
2.33565 2.82602 2.03708 7.1954 8.04525 1
2.53589 2.55968 4.94599 5.30309 8.9883 0
4.96402 6.67104 2.38774 6.08389 3.46425 -1
1.32368 6.89746 4.20027 1.00613 1.22774 0
2.86004 9.64345 9.66923 1.08808 9.90767 -1
5.46824 6.50551 5.18601 4.05313 1.36925 0
1.30776 5.7801 1.48758 6.04707 3.54686 1
2.99494 6.68705 7.82146 4.64377 4.4432 -1
6.1817 9.67976 7.88167 6.36207 5.04133 -1
1.70382 5.4656 9.73921 5.39688 3.02805 0
5.45428 6.59637 8.74612 9.44626 2.91016 1
3.84209 6.75154 1.44304 5.05935 3.44381 -1
7.55384 1.08076 5.2572 8.24466 2.52296 0
8.30012 1.55582 7.15677 9.66166 9.92566 0
8.35255 5.9203 3.08055 6.6291 8.88869 0
8.67607 8.72002 9.12785 5.08794 1.566 -1
9.99236 5.51015 8.25563 5.29212 3.42062 1
5.6234 2.42042 7.444 1.45039 2.80968 0
2.74919 9.35549 6.98093 2.33306 2.34917 -1
9.0445 4.24127 4.52083 2.6614 6.27811 0
5.99668 9.91091 4.71239 2.44894 3.25515 0
3.51513 4.41584 4.87518 5.16451 7.29615 0
9.98936 3.85417 9.74689 8.96766 4.67112 0
4.84303 7.76522 3.02746 3.31442 7.44223 0
3.33816 5.71992 1.36596 4.88512 6.62815 0
7.84511 9.91623 3.16486 8.56944 7.46146 0
8.86609 2.51433 9.81684 3.92482 4.39295 -1
1.0494 8.46504 1.94804 7.29979 4.55251 -1
6.18456 1.58148 3.31239 3.87467 2.07659 1
5.23896 2.85282 5.91887 6.34112 1.6644 0
3.16243 9.04503 3.43809 1.90175 1.81669 -1
5.9777 1.36239 1.35822 9.16588 4.98055 -1
4.12374 9.69717 4.92295 2.97291 7.10074 1
3.92826 7.08538 7.54105 8.32927 4.54152 1
7.37949 4.22758 8.86931 3.89383 7.69922 0
6.37705 1.31849 4.05446 7.5481 1.92695 -1
2.85832 5.74339 8.476 2.78154 5.53867 0
5.9545 7.54747 8.35111 8.88724 6.42446 1
3.97214 1.76543 4.03997 7.15257 4.74767 1
1.33536 9.87909 4.51563 4.26908 7.16527 -1
1.1022 8.84157 1.96792 6.8662 8.06184 0
7.75161 2.54789 9.3754 7.41384 7.47825 -1
6.3318 1.79408 8.06935 8.1133 7.80487 0
8.79837 9.91876 9.3542 5.06699 3.82482 1
3.16978 1.08317 5.27544 3.97165 3.33522 0
7.75759 2.02685 6.17353 7.77821 5.86613 -1
7.57249 9.22119 6.59109 7.97056 2.30929 1
8.54215 2.347 5.06905 2.20148 3.94737 1
7.7358 2.10902 3.80425 7.72092 9.24658 1
7.1691 1.44902 7.65219 3.43073 2.18815 1
9.77653 7.25951 4.78197 5.29546 3.8071 0
7.94217 3.05979 7.5627 1.621 5.20244 -1
2.40497 1.58222 8.37223 8.92692 1.55232 1
3.15044 8.95178 3.18583 8.40954 5.61248 1
3.03749 8.08814 7.18735 2.88251 5.08385 -1
5.6277 9.63143 9.66183 8.67453 2.35964 -1
7.62788 7.14069 1.58964 8.02011 1.14837 1
8.87566 6.44256 8.17842 6.713 8.30061 0
3.83841 4.62669 5.10516 5.46434 8.47422 0
5.69671 9.49762 9.42021 9.6602 8.48619 -1
9.52384 8.9087 3.53402 5.84018 9.57318 -1
9.47376 6.93655 1.19065 9.63212 3.91009 -1
4.23495 7.87477 6.24701 1.37557 4.81978 -1
6.50515 6.29716 9.11508 2.61475 3.38651 1
6.94333 8.67684 8.76436 6.20671 7.04732 -1
9.09667 8.09458 9.80589 4.56034 8.86129 1
8.11605 6.77371 8.86123 7.00104 8.30866 0
8.21654 3.02348 3.32119 1.43601 7.10448 1
5.49037 1.50603 5.38584 2.48165 5.05574 1
1.86836 6.97428 5.94415 9.17565 1.08386 -1
1.27611 1.22013 7.09767 7.38319 4.89887 0
9.65414 4.87882 3.89858 4.67657 9.97728 1
6.40674 4.86094 8.8735 7.6 5.62555 -1
4.74483 6.38553 3.763 4.50852 4.6436 1
7.27882 9.64281 5.26723 3.34904 4.37855 -1
9.22608 8.86585 1.05696 1.69896 2.5885 1
1.6264 6.97601 4.87663 1.09859 6.55562 0
6.40854 1.12609 6.41395 5.70656 9.53145 -1
8.40815 6.79321 6.42812 1.02695 3.92442 1
2.05898 1.03052 5.68492 9.13437 8.67972 -1
5.87958 5.45219 5.90908 9.66278 4.46234 -1
6.99949 1.19281 7.73025 5.74927 7.91126 -1
8.42415 7.198 8.51926 2.86724 9.80379 1
1.61385 9.61455 4.62405 5.0146 5.00648 -1
3.14256 3.27644 3.37082 3.75457 2.87665 1
5.3 8.85457 5.33245 2.74565 8.17124 1
3.34283 4.54716 6.87278 4.94685 8.1974 1
2.51454 3.1316 5.01898 7.40069 6.08386 1
4.88243 1.07255 5.24181 6.37194 1.78909 -1
7.20607 8.93216 7.04214 6.92612 4.78049 1
5.23805 5.05456 2.18748 8.40832 3.88218 0
6.02814 8.99842 7.38439 1.91331 1.96635 -1
2.03676 1.72066 5.48655 8.49902 2.09032 0
4.92905 3.24154 6.90592 9.09006 5.78125 1
5.74657 1.75216 4.53832 7.02366 1.41834 1
4.0379 9.97082 1.05641 7.04612 1.0926 -1
3.17696 5.13711 2.21066 6.44963 3.52884 0
9.71309 9.82842 9.6232 1.84818 9.28749 1
5.84208 3.21318 6.17606 6.44113 1.65421 -1
4.28595 9.0861 7.98292 3.852 9.28742 -1
6.45396 9.57926 2.78204 7.81695 4.48661 -1
4.36192 8.68787 2.34224 1.46934 1.42559 1
8.52377 9.86372 7.73009 4.40056 6.20274 0
7.5319 9.35719 9.91542 4.97994 8.87643 0
2.36169 3.54443 4.85368 1.98365 1.34223 1
6.33624 3.48128 2.36692 1.29725 5.23915 0
5.14829 1.91415 9.83247 7.89361 6.7831 1
8.31572 5.98437 6.692 8.46708 7.91655 -1
6.68352 9.56746 2.59114 3.14651 5.68984 -1
9.31703 5.75748 9.26514 7.98425 3.31418 -1
3.11877 4.65856 6.61253 9.18044 4.53589 1
9.39793 8.05958 8.47222 4.90862 4.84695 -1
4.4727 7.4486 7.45811 7.88634 8.7606 -1
7.94999 1.04589 7.87542 9.16945 9.70778 -1
1.16176 1.83402 9.50476 9.60872 5.61049 -1
5.65718 9.40155 1.95862 2.02041 9.60949 1
9.33569 1.8588 9.39303 5.85529 1.04467 -1
9.9644 4.27678 2.01381 1.57474 1.29615 -1
6.38983 9.52737 4.64619 9.85204 7.46164 1
1.14711 7.1372 1.39961 8.59376 2.64821 -1
4.88639 8.87786 8.0973 2.35125 9.5327 0
8.80915 6.50157 4.16449 8.19754 9.1551 0
4.0517 6.99927 4.85421 4.41548 5.12695 0
4.56127 6.29374 1.57056 5.00784 3.55884 0
2.81191 7.47313 6.10088 3.28518 7.80839 0
6.08489 2.24257 3.91942 5.65739 4.01742 0
4.30258 6.42498 8.68751 7.9808 1.30541 1
2.94283 7.8185 3.74403 1.8607 4.40803 1
8.78112 7.40895 3.78002 9.49588 1.41776 -1
2.1161 2.65478 4.28426 7.18158 9.14999 -1
9.83641 2.73681 1.90726 2.05875 7.72953 -1
5.50976 1.32447 7.49929 9.75941 9.8766 1
7.18056 9.38579 7.54005 3.67883 6.345 1
2.82632 8.49898 4.04993 5.27473 6.6576 0
6.99397 1.00672 1.54393 1.78141 7.36001 0
9.02478 3.52495 9.55667 1.90869 1.36813 -1
5.89448 9.54009 2.03665 1.90625 3.10799 1
1.32059 3.86145 1.19263 1.95641 2.89446 1
3.88991 7.91695 5.64491 9.51168 4.95502 1
8.54888 4.91445 3.96347 4.0103 8.59873 0
8.62207 2.61559 4.04892 3.78398 2.18848 -1
5.75159 4.82945 4.0085 4.22907 3.54005 -1
2.65828 4.79906 7.99908 6.3726 2.99366 -1
4.89505 1.52486 2.16183 4.21253 2.38419 1
1.11005 4.73597 8.99831 9.09072 8.81517 1
2.89301 7.21257 9.11853 4.71624 7.99591 1
3.11679 2.20929 6.68422 3.56134 8.21852 -1
7.37714 6.54128 1.70017 2.48644 2.77392 -1
2.94493 6.25368 1.3992 6.8275 5.58362 0
2.9312 6.86504 6.14906 4.12903 8.84856 -1
4.34306 7.98742 1.25928 3.19085 7.41437 0
8.22788 1.83066 9.11077 4.21387 5.64321 0
6.81981 1.208 1.83509 7.73107 7.92643 1
8.12759 3.79946 7.34921 5.1566 6.66158 0
5.75591 5.47476 6.77392 4.32174 2.79938 -1
9.22554 8.52253 8.03695 5.14915 5.24685 0
5.98339 6.2877 1.02124 2.60736 6.23618 0
2.36009 9.47181 4.07574 4.14235 5.77484 -1
1.42434 2.8168 2.10979 8.86884 2.09614 0
5.74711 9.80121 8.76956 9.57562 8.07515 -1
9.87565 4.35563 4.49279 2.12141 1.85272 0
7.75425 8.38796 9.223 8.99163 1.59561 1
8.0795 8.05625 4.0077 2.11264 9.54029 1
8.91739 9.78181 7.71937 7.9933 7.37952 0
7.42639 7.24005 4.15223 6.7937 7.36529 1
7.85493 8.3181 4.85456 5.52263 2.72434 1
4.49952 4.32032 7.71172 7.43752 4.23882 -1
1.09709 1.38711 4.83978 8.16804 3.18877 -1
7.36624 2.5014 2.80251 1.2227 6.37298 0
6.25402 2.77736 3.14362 4.21233 8.2194 1
3.83303 4.39592 4.87158 4.23473 8.4568 0
1.43326 7.46734 3.75146 2.07606 7.74202 1
5.18408 5.73679 3.88934 8.39661 9.75242 -1
5.41102 5.07201 4.43901 1.59293 1.15364 1
5.00193 7.36358 8.14295 6.72068 4.57343 0
8.66574 3.4967 2.12397 9.11408 9.72877 -1
6.46581 3.37157 5.54121 4.71787 8.91782 0
8.89354 4.83464 2.63211 9.32654 6.69007 1
5.78576 4.04556 8.67211 3.86385 1.52405 0
6.5903 6.80338 1.77717 2.21006 5.35958 -1
9.20312 3.21637 8.64081 4.7884 5.05281 0
8.40937 8.89972 6.1955 8.35627 2.05183 0
8.55969 2.43014 8.26221 4.147 7.38854 1
5.38583 6.08964 2.53725 6.85791 1.26516 1
3.97431 5.8332 4.28911 1.42138 7.35639 0
4.08741 9.241 2.37252 8.63383 6.71418 1
2.8989 9.40542 9.30238 4.5644 1.57844 -1
5.10168 2.55783 8.5366 5.87748 4.15565 1
1.87902 4.20741 3.80341 1.90249 1.44048 -1
1.59823 8.84772 9.71882 6.94475 5.58058 -1
3.43427 5.0638 3.99244 2.03953 6.22769 1
5.07258 5.97041 6.70077 8.91859 1.48554 0
9.19632 2.3528 6.47498 4.62883 4.02135 0
5.53608 9.27413 2.57801 9.81278 7.43615 0
2.78536 9.2135 1.85617 8.78543 5.01234 0
9.44537 2.07732 4.03518 3.88905 2.94673 0
3.20025 9.01944 1.26217 5.9831 8.16528 0
6.66386 7.5995 3.41235 8.54875 9.72355 -1
4.36008 5.33844 8.34094 6.52944 4.24364 1
2.66586 8.13562 8.94455 5.71547 9.82309 0
2.65555 6.97043 6.74726 2.84189 6.48661 0
6.30752 1.04124 3.5115 1.38351 5.72782 -1
6.03709 8.62899 8.18052 8.55565 3.3316 -1
7.96865 5.76064 8.37827 1.92354 5.88588 0
5.88842 4.53563 6.44437 9.53435 8.76755 -1
6.29639 5.85225 5.97848 7.08006 2.98943 -1
2.50162 7.17655 2.35211 1.23671 4.56946 -1
2.11034 2.19306 2.77305 2.88488 4.03546 1
8.505 5.91687 9.90511 3.10779 7.21358 1
3.41155 7.09486 7.35072 4.6671 7.52403 -1
7.02352 7.26398 6.31309 5.72629 1.99545 0
2.19981 8.49486 9.38165 2.50549 2.57474 1
3.03913 4.28478 8.52574 2.17701 5.24696 1
6.79432 4.2996 7.46725 9.54111 6.80091 1
6.62286 7.2289 2.12576 7.90482 9.91359 1
3.30083 9.69739 9.36947 2.25116 4.92862 0
6.98208 7.5806 2.79593 4.63737 5.22362 1
4.18284 6.07376 2.63404 5.28059 6.11178 1
8.32828 6.15934 7.06281 6.70784 6.41017 -1
9.79627 5.74733 1.89415 4.07114 5.59059 0
5.69918 6.11635 6.77382 7.24445 9.69644 1
4.92477 7.73032 9.93264 3.89506 5.90896 -1
3.08532 1.82836 8.5256 9.89789 8.9039 0
5.09794 2.07005 6.88579 5.24167 2.68702 1
5.37304 6.91949 5.30618 9.54698 4.82121 -1
4.99279 4.17888 7.81636 7.8574 9.37535 1
8.23655 1.76401 5.33713 6.0475 5.79872 1
6.62866 5.18143 2.74294 7.74802 1.99184 1
2.92211 7.79361 4.5754 2.26676 9.22623 -1
4.20688 2.53866 2.16711 1.30996 9.69273 1
7.72833 6.39037 3.63212 7.15638 7.93724 1
6.70172 6.41088 2.93638 4.86567 1.16726 0
2.74746 6.29923 4.20915 4.53845 1.04587 0
3.71351 5.2535 5.13096 5.95121 9.64146 0
4.53061 6.0977 6.16934 9.53742 2.46451 -1
3.32 3.96246 2.2983 3.12335 1.29935 1
6.91299 1.58985 2.08863 2.98542 4.9213 -1
4.09484 2.81766 4.37382 4.85862 4.62136 -1
9.05962 2.29363 6.23061 4.10627 4.25986 -1
6.62946 9.88669 2.32687 4.84413 2.17233 1
6.64082 2.41609 7.93222 6.43815 4.54329 -1
7.13585 4.06361 6.77379 7.12786 8.76468 0
8.1834 8.33559 6.10851 7.41548 1.69726 0
5.25465 2.13962 8.77191 1.69863 3.03463 1
5.46904 6.25835 8.05044 9.67036 2.89763 -1
1.19845 5.21538 4.95544 6.58895 7.95375 0
5.26276 2.54983 8.68149 4.90702 1.07749 -1
4.75428 5.48094 5.37512 7.67695 5.17621 1
1.98882 6.29725 1.94762 9.33904 4.93057 -1
9.3026 5.99726 1.56339 7.26041 1.02825 0
4.03958 1.86699 2.16366 8.66647 3.65742 1
7.73027 3.49009 6.42147 9.65066 6.04812 0
2.28938 1.80163 8.30227 7.60102 1.85722 -1
4.86419 3.34798 7.16366 4.7338 1.85304 -1
8.24971 7.601 8.01344 1.60856 7.45047 0
9.74606 8.50948 7.67951 5.45166 9.68389 1
6.55431 6.42674 5.00506 5.67064 1.33452 0
1.07741 1.33 3.15462 3.05518 4.83294 1
1.40669 9.01175 2.89478 9.71906 2.16408 -1
6.84898 4.6385 6.37969 7.19089 1.44894 0
2.1253 9.952 3.13322 2.76829 8.62229 0
4.77864 1.02152 1.25181 4.87213 1.41825 1
8.01601 6.29191 8.87043 1.91573 9.08844 1
9.09107 4.68491 4.82327 7.10361 2.90474 0
6.50077 2.43898 6.5908 6.54455 7.69019 1
1.46213 9.71702 5.3983 2.07203 3.31828 0
9.49078 3.54669 8.7704 5.99416 4.56173 -1
4.15953 6.66374 7.10109 7.76836 3.94128 0
